insiderbuyingselling,,2019-05-21 14:47:00,120.276,AXP new insider selling 101964 shares insiderbuyingsellingcomt
cctranscripts,,2019-05-21 14:36:00,120.28,American Express Companys Chairman and CEO just cashedin 101964 options conferencecalltranscriptso AXP
fla,,2019-05-21 14:34:00,120.31,AXP filed SEC form 4 Insider Squeri Stephen J Sold 101964 of Common Stock at price 11995 on 20190520 secgovArchivesedgardata
sunshineave,,2019-05-21 12:57:00,120.266,AXP short ratio is 186 at 20190415 and short to float is 078 sunshineavenuecomstock via sunshineave
IcebergBot,,2019-05-21 11:55:00,120.083,Latest Trading Days Big Trades for AXP Largest Trade 118 of Volume icebergbotcomsAXP
quantcha,,2019-05-21 10:45:00,119.64,52Week High Alert Trading todays movement in AMERICAN EXPRESS AXP ideasquantchacom201905
EstimizeAlerts,,2019-05-21 10:42:00,119.438,Estimize revenue expectations are 007 lower than that of Wall Street for AXP Q2 Reporting 0717 BMOhttpwwwestimizecomintroaxpchartchangeovertimemetricnamerevenueutmcontentAXPutmmediumrevenuedifferenceutmsourcestocktwits
