BogyWogyWu,,2019-03-01 15:27:00,0.836,CYCC chart looks good here
viking1111,True,2019-03-01 14:46:00,0.836,CYCC just about everyone on here has more shares than what trades here some days Pathetic We need some help inst or whatever
