CEOBuysBot,,2019-03-29 11:40:00,20.57,Since 2014 SGMSs CEO bought shares 1 time Check out ceobuyscom to learn more
