Highinthe_mountains,,2019-02-26 12:58:00,1.27,AXAS no volume
