sleekOptions,True,2019-01-18 12:18:00,70.067
