Breakoutking,,2019-06-03 15:05:00,5.548,GPOR data shows pe at 25 rlmfao is the world ending
Stock_Mafia,True,2019-06-03 14:29:00,5.585,GPOR AR UWT SLB GordonGekko888 block this mfker
EstimizeAlerts,,2019-06-03 10:12:00,5.438,GPOR analysts on Estimize are expecting 2734 YoY revenue growth for Q2 up from 148 in Q1 Reporting 0731 AMCestimizecomintrogporcha
