OutlawExchange,,2019-05-20 12:56:00,76.743,NBIX 3 Gene Therapy Stocks For A Biotech Portfolio seekingalphacomarticle42
humour,,2019-05-20 11:05:00,76.069,NBIX This has been an absolute frustration to hold during past year or so Fundamentals are strong as never before though
