PrecisionSPYoptions,True,2019-05-22 15:56:00,22.61,MRVL continues to offer day trade opportunities since Monday Watch an open above 2280 for 235070 target tomorrow Slow and steady to target
wader2k,,2019-05-22 14:22:00,22.36,AMD MU MRVL pretty muted reaction to FED this time i like it was a little surprised they didnt say much about trade but this meeting happened b4 latest trade events
EstimizeAlerts,,2019-05-22 14:21:00,22.351,MRVL analysts on Estimize expect 119 YoY growth in Gross Margins for Q1 down from 348 in previous year Reporting 0530 AMCestimizecomintromrvlcha
wader2k,,2019-05-22 13:41:00,22.234,MRVL 2222 make a wish
wader2k,,2019-05-22 13:39:00,22.195,AMD MU MRVL everyone ready for the double headfake backflip reversal yeah me neither
EstimizeAlerts,,2019-05-22 12:42:00,22.329,MRVL estimates distribution heres what 4 Estimize analysts are expecting MRVL to report for Q1 Gross Margins on 0530 AMCestimizecomintromrvlcha
VolumeBot,,2019-05-22 12:34:00,22.293,Percent short volume for MRVL was 4226 on 052119 volumebotcomsMRVL
JorelLaraKalel,,2019-05-22 12:01:00,22.429,Why These 4 Semiconductor Stocks May Be the Absolute Best 5G Play 247wallstcomtechnology3 ADI MRVL LSCC XLNX
EstimizeAlerts,,2019-05-22 11:03:00,22.282,Heres what 4 Estimize analysts believe MRVL will report for Q1 Gross Margins on 0530 AMCestimizecomintromrvlcha
