Pointsmatter1,,2019-02-19 15:59:00,0.8506,MNGA RUGGERO MARIA SANTILLI
Igotscammed,False,2019-02-19 15:58:00,0.85,MNGA I am rooting for you pumpers to get this green so this fraud management doesnt fire you guys HURRY YOU HAVE LESS THAN 3 minutes
Justwas,,2019-02-19 15:56:00,0.8536,MNGA I bought mnga a few months ago at Like 35 and then sold for a loss at around 30 But the history never shows it being that price
Squidward_Tennisballs,False,2019-02-19 15:56:00,0.8536,MNGA 2 and bulls are excited Thats how bad this stock performs
rusty_shacklefordddd,,2019-02-19 15:54:00,0.8522,MNGA Only 15 more acquisitions and a dozen more ticker changes and BOOM This thing will be at 1
chaspaul,,2019-02-19 15:54:00,0.8522,MNGA Hope this guy eat my Shit then I will stop bashing this company
olde,True,2019-02-19 15:50:00,0.8539,MNGA
chaspaul,,2019-02-19 15:48:00,0.8541,MNGA 12 more minutes Push BULLS
TradesByRyan,,2019-02-19 15:48:00,0.8541,MNGA You notice how bears never show their positions Its because they dont have one they are here to troll
Eznguyen,True,2019-02-19 15:46:00,0.857,MNGA Ill be a lil more conservative on this 710 gain tomorrow followed by steady rise up Support will be built on the new ticker
Pointsmatter1,True,2019-02-19 15:45:00,0.8572,MNGA They gave up majority vote for common stocks They are in the same boat maybe not the same side definitely same boat
GpIsRichBull,True,2019-02-19 15:45:00,0.8572,MNGA Mnga loves Wednesdays to move Tomorrow will be bulls day
Pointsmatter1,,2019-02-19 15:44:00,0.8597,MNGA Remember when the founding family SANTILLIs gave up their majority vote in the company I wounder whats planned for this company
Swegger099,,2019-02-19 15:43:00,0.859,MNGA get on for the ride
Oregontech,True,2019-02-19 15:43:00,0.859,MNGA Time to BUYTUES Going to go up 30 from here
chaspaul,,2019-02-19 15:42:00,0.857,MNGA All the good news still RED I give you green graphs LOL
rapidprofits,True,2019-02-19 15:42:00,0.857,VTVT insider bought a lot is shares something is coming MNGA oversold 3day rule after offering SPY WATT
Kcmule,,2019-02-19 15:41:00,0.8582,MNGA Has been oversold on the daily since February 6th
Igotscammed,False,2019-02-19 15:37:00,0.8589,MNGA damn you pumpers This still RED with less than 12 left to turn green today Do your job HURRY
unknowtrader00,,2019-02-19 15:35:00,0.8596,MNGA I have this shit and I dont even look at it too depressing by they way when we reaching the moon my spaceship ran out of gas
TradingDimes,False,2019-02-19 15:35:00,0.8596,MNGA why acquisition instead of stock buyback Another reverse split planned
Jonathan_pamad0r0na,True,2019-02-19 15:33:00,0.8586,MNGA Scott keep it above 1 and then get more acquisitions
Jonathan_pamad0r0na,True,2019-02-19 15:32:00,0.8586,MNGA Scott you have enough acquisitions for now start buying your own shares please
GpIsRichBull,True,2019-02-19 15:28:00,0.8558,MNGA Bears are so lonely in this Just playing with themselves No one would sell at this point
sadhguru,True,2019-02-19 15:24:00,0.8599,MNGA
Pointsmatter1,,2019-02-19 15:23:00,0.8599,MNGA
rapidprofits,True,2019-02-19 15:23:00,0.8599,MNGA oversold can bounce hard SPI crypto play SPY
Tommyl,True,2019-02-19 15:21:00,0.8599,VLRX PIR MNGA WFT TRVN NVAX INNT TRXC ARQL RAD CLD RGSE AMRH MOSY are red VLRX all penny stocks played
olde,True,2019-02-19 15:19:00,0.8599,MNGA
We__will__see,False,2019-02-19 15:18:00,0.8599,MNGA so bulls I have shared my thoughts with you I think we will see a lower sp
chaspaul,,2019-02-19 15:17:00,0.8599,MNGA BULLS im your worst nightmare Dont be fooled by fake news and information 10 years of failures
olde,True,2019-02-19 15:13:00,0.8597,MNGA
We__will__see,False,2019-02-19 15:11:00,0.8597,MNGA So if this stock are maipulated then we have no chance Maybe another reason why we have lost money Dont forgot San Diego
Igotscammed,False,2019-02-19 15:10:00,0.8597,MNGA wait for it wait for it pumpers for that spikeoh shix that was big dump the insiders did to you But pumpers will still buy this
Bullish_Bull,True,2019-02-19 15:09:00,0.8598,MNGA Crazy AH must be Bears cover your ass before you get a TRNX Sign tattooed on your butts
We__will__see,False,2019-02-19 15:09:00,0.8598,MNGA only for u
Dracornelius,,2019-02-19 15:08:00,0.8599,AMRH MNGA
winthorpebuys,True,2019-02-19 15:08:00,0.8599,MNGA green day
We__will__see,False,2019-02-19 15:08:00,0.8599,MNGA really guys that is really sad nobody are in the situation to share his opinion about my thoughts Manipulation Why
We__will__see,False,2019-02-19 15:07:00,0.8598,MNGA and who can short mnga my broker hasnt such option
Scratch_,,2019-02-19 15:07:00,0.8598,options are better than marginjust invest in basic education freeuse the money from this shit and multiple it MNGA
Scratch_,,2019-02-19 15:06:00,0.8598,well while accounts keeps droppingwith the 6K additional in options today on RH ordered a tree house for my twin toddlers MNGA
CreamSota,True,2019-02-19 15:05:00,0.8598,MNGA straight line upwards comin 2
We__will__see,False,2019-02-19 15:05:00,0.8598,MNGA Then shared your opinions
CreamSota,True,2019-02-19 15:04:00,0.8598,MNGA
We__will__see,False,2019-02-19 15:03:00,0.8598,MNGA and believe i dont trust this management
We__will__see,False,2019-02-19 15:02:00,0.8599,MNGA who are these persons and why they do this who manipulates this sp only my thoughts bully and bears such thing is not normal
ImThatGuy,,2019-02-19 15:02:00,0.8599,MNGA i dont know much but i do know that this next ER is going to be an interesting ride one way or another Either a last straw or hope
truetraderforlife,True,2019-02-19 15:01:00,0.8595,MNGA
rusty_shacklefordddd,,2019-02-19 15:01:00,0.8595,MNGA Could it be A green day for MNGA Well Im certainly surprised
StockInspector,True,2019-02-19 14:58:00,0.8567,MNGA Debating whether I should buy another 500 shares or so
We__will__see,,2019-02-19 14:58:00,0.8567,MNGA If we everday buy sold buy sold we would lost so much money that must some people with money and dont pay fees for trades
Igotscammed,False,2019-02-19 14:57:00,0.8567,MNGA damn still RED No surprise for a fraud You pumpers have about 1 hour to get this greenchop chop
TexasGuy,,2019-02-19 14:56:00,0.8547,MNGA How I feel every time I come back and buy MNGA after telling myself I wouldnt buy this shit again
We__will__see,,2019-02-19 14:55:00,0.8546,MNGA That my opinion
We__will__see,,2019-02-19 14:55:00,0.8546,MNGA 22 This cant be happen by normal investors Someone maipulates this sp and kidding such investors like us I have sold at 275
We__will__see,,2019-02-19 14:54:00,0.854,MNGA 12 Who believes the stock price is being manipulated Only 20 M Shares todays Volume 2154999 Avg Volume1266420
sincosine,True,2019-02-19 14:54:00,0.854,MNGA
winthorpebuys,True,2019-02-19 14:52:00,0.854,MNGA haha when bears block you because youve upset them
Scratch_,,2019-02-19 14:48:00,0.8541,fuck this stockand most penny stock BS with options you can trade even few hundred company for fractions of the cost MNGA
Scratch_,True,2019-02-19 14:48:00,0.8541,great leverageI have level III options on RH and use it for my swing tradesmade additional 6K on the side today MNGA
Scratch_,False,2019-02-19 14:47:00,0.854,for those who have RHand maybe smaller accountsyou use the options MNGA
Scratch_,False,2019-02-19 14:47:00,0.854,get out of this nonsense and invest in something else MNGA
leejohnston91,,2019-02-19 14:43:00,0.8551,MNGA lol I already lost so I dnt give a shit which direction it goes anymore money spent in my eyes
TexasGuy,,2019-02-19 14:42:00,0.855,MNGA Alright Bulls Im back in Hope yall are right
Swegger099,,2019-02-19 14:40:00,0.8552,MNGA Bulls launch pad
Jimbosize,,2019-02-19 14:40:00,0.8552,MNGA after ticker symbol change some of these bears wont be smart enough to follow anymore Good news
olde,True,2019-02-19 14:40:00,0.8552,MNGA
Sickboy138138,False,2019-02-19 14:37:00,0.8551,MNGA The paid pumper program sounds interesting However if Ive been placing bearish posts am I excluded from consideration
Jimbosize,,2019-02-19 14:37:00,0.8551,MNGA guys like chaspaul panic sold after rs which dropped stock Now they want to post things to bring it down further Thanks for help
vapeguy,,2019-02-19 14:37:00,0.8551,MNGA lol nothing just everyone praying for a tenth of a cent lol
TexasGuy,,2019-02-19 14:35:00,0.855,MNGA WTF did I miss Whats going on
ChanpagnePapi,True,2019-02-19 14:35:00,0.855,MNGA its locked and loaded deady to blast off anytime soon
The_Bullish_Frog,,2019-02-19 14:34:00,0.855,MNGA Buy buy buy
The_Bullish_Frog,,2019-02-19 14:31:00,0.855,MNGA gonna hit 5 then everyone filing lawsuits are gonna look dumb as fuck shoulda HODL
Bullish_Bull,True,2019-02-19 14:29:00,0.8558,MNGA It can gap up to 3 bears it is a serious warning
CreamSota,True,2019-02-19 14:29:00,0.8558,MNGA I dumped my LODE in MaNGinA
Bullish_Bull,True,2019-02-19 14:27:00,0.8538,MNGA News is coming I feel it is halted
Scratch_,False,2019-02-19 14:27:00,0.8538,MNGA TRNX no longer exists since 2015the symbol on ST existspeople just dont want the truth to pass onto new investors
dand299,False,2019-02-19 14:27:00,0.8538,MNGA all the new turd holders in this room are delusional
DarthRend,False,2019-02-19 14:26:00,0.8536,MNGA
Scratch_,False,2019-02-19 14:23:00,0.8527,TRNX MNGA
The_Bullish_Frog,,2019-02-19 14:23:00,0.8527,MNGA block bears And idiots that sold
The_Bullish_Frog,,2019-02-19 14:22:00,0.852,MNGA average down Stock gonna soar soon
bmajor,,2019-02-19 14:18:00,0.854,MNGA just saw a gentleman holding up a sign asking for handouts He has a sign that said waiting on Magne Gas kids need to eat still
winthorpebuys,True,2019-02-19 14:18:00,0.854,MNGA
Hows42872,,2019-02-19 14:18:00,0.854,MNGA i think there will be some bigger news ah or pm why change the symbol if ur not gonna try and run it up
Barney2,True,2019-02-19 14:17:00,0.852,MNGA come on get ready for RS fairness bears 5
bmajor,,2019-02-19 14:17:00,0.852,MNGA Scott for President 2020 We need a champion to run this country Follow in the footsteps of the great Donald
Barney2,True,2019-02-19 14:16:00,0.854,MNGA
olde,True,2019-02-19 14:15:00,0.8538,MNGA
indust,,2019-02-19 14:14:00,0.854,MNGA watch them pull a sabby out of the Hat
Dracornelius,,2019-02-19 14:11:00,0.854,MNGA
newbiesIRO,,2019-02-19 14:11:00,0.854,MNGA waittrnx wont be on stocktwit how so
Scratch_,False,2019-02-19 14:10:00,0.854,cup and handlethe one you maybe holding begging for money MNGA
rjmd,,2019-02-19 14:10:00,0.854,MNGA been holding at 26 After averaging down for 4 after RS Need to make back for therapist
Jimbosize,,2019-02-19 14:10:00,0.854,MNGA bears invest in penny stock hoping get richidioticWho would listen to u Another idiot U thought youd get rich from penny stock
rusty_shacklefordddd,,2019-02-19 14:10:00,0.854,MNGA Is this the moon now
Eznguyen,True,2019-02-19 14:09:00,0.854,MNGA cup and handle forming
Igotscammed,False,2019-02-19 14:06:00,0.8547,MNGA these pumpers are like alcoholics who need to hit rock bottom before they change Dont worry soon delisting of this POS to help you
Justjj0323,True,2019-02-19 14:06:00,0.8547,MNGA Donchians looking like gap up
BAST,,2019-02-19 14:05:00,0.8546,MNGA this company has pretty much become a meme
Bullish_Bull,True,2019-02-19 14:04:00,0.8541,MNGA Bulls keep buying 300 is the minimum gain Lets tear open bears
BioTechFool,True,2019-02-19 14:01:00,0.8541,MNGA bye bye on StockTwitsI was told ticker TRNX will not be on StockTwits eitherthat might be a good thinglol
chaspaul,,2019-02-19 14:00:00,0.8543,MNGA Am I too salty
chaspaul,,2019-02-19 13:58:00,0.8547,MNGA Hey Bulls I understand how you hate me now But Please understand that I will never stop on reminding investor how dirty company is
GpIsRichBull,True,2019-02-19 13:58:00,0.8547,MNGA in case bears are stupid enough to try last heist Just have ur buy orders ready
Scratch_,False,2019-02-19 13:57:00,0.8533,MNGA
HiddenWealth,False,2019-02-19 13:55:00,0.8532,MNGA TRNX Tyrannesaurus Rex Run
Igotscammed,False,2019-02-19 13:55:00,0.8532,MNGA Next ER will be more dilution then RS 1 for 25 Then pumpers will still convince themselves this is the bottom
gainsbegin,True,2019-02-19 13:54:00,0.8586,MNGA playing my part see you all next month I dont check this shit daily like some of you leeches remember it wont happen over night
Fred089,True,2019-02-19 13:54:00,0.8586,MNGAMess With The BULLYou Get The Horns
Scratch_,False,2019-02-19 13:54:00,0.8586,MNGA
StockInspector,,2019-02-19 13:52:00,0.8549,MNGA Closing green today Please and thank you
ColorlessGreenIdeas,False,2019-02-19 13:51:00,0.8549,MNGA bull trap
GpIsRichBull,True,2019-02-19 13:51:00,0.8549,MNGA Dont u feel great when all those bears are gone I barely see a bearish post lol all blocked
StockInspector,True,2019-02-19 13:51:00,0.8549,MNGA I guess thats the best bears could do today
chaspaul,,2019-02-19 13:51:00,0.8549,MNGA Is there anyone interested to invest into this company 10 years of no profit if you invest 10000 now its 7663 TRASH
ColorlessGreenIdeas,False,2019-02-19 13:50:00,0.8549,MNGA
gainsbegin,,2019-02-19 13:49:00,0.8549,MNGA never sold just bought more and avg down to 155 makes me feel a lot better
cycloon,True,2019-02-19 13:49:00,0.8549,MNGA tik tak tik tak Booooooooooom
Bullish_Bull,True,2019-02-19 13:48:00,0.8549,MNGA
GpIsRichBull,True,2019-02-19 13:48:00,0.8549,MNGA You change the symbol Jump 2030 on day 1 Stock gets flashed in all reports Retail will just jump in
Eznguyen,True,2019-02-19 13:48:00,0.8549,MNGA The price is being held cuz its being forces down rn This shit is coiling my guy Its logical sabby will pump up on trnx day 1
chaspaul,,2019-02-19 13:48:00,0.8549,MNGA my bad my prediction sucks I thought it will drop at 79 Remember im watching you guys
AustinR98,True,2019-02-19 13:47:00,0.8549,MNGA Down so much already Will hold till I lose it all or gain it back
Guitar1969,True,2019-02-19 13:46:00,0.855,MNGA Its strange how stock keeps getting pummled even though these moves like name change were disclosed long time ago Holding long
Scratch_,False,2019-02-19 13:46:00,0.855,MNGA
Bullish_Bull,True,2019-02-19 13:44:00,0.8549,MNGA DO you guys remember few months ago they talked about chnaging their market makersThat meant from retail inv to the tutes
We__will__see,,2019-02-19 13:44:00,0.8549,MNGA or the other great investor how many shares 1M
We__will__see,False,2019-02-19 13:43:00,0.855,MNGA maybe sabby sell their shares lol
Induction,False,2019-02-19 13:43:00,0.855,MNGA
Igotscammed,False,2019-02-19 13:43:00,0.855,MNGA still RED from all the great news today New investors know this scam Pumpers be prepared to see dump at end of the day
2Birds1Stone,True,2019-02-19 13:42:00,0.8549,MNGA I love new name Waiting for that 5 gap up D
Bullish_Bull,True,2019-02-19 13:42:00,0.8549,MNGA When I emailed Scott few months back said he could do something raise the SP on the short term but he was looking for a permanenet fix
Scratch_,False,2019-02-19 13:41:00,0.8544,agree with TheAuditor go to yahoo finance and find more professional conversations from experienced investors MNGA
Valentino76,True,2019-02-19 13:41:00,0.8544,MNGA pretty positive on here when you block all the negative Nancys
TheAuditor,,2019-02-19 13:39:00,0.8543,MNGA good man
DarthRend,False,2019-02-19 13:39:00,0.8543,MNGA Its only lost 410 in 3 weeks Just shaking out weak hands LOL
Scratch_,False,2019-02-19 13:39:00,0.8543,TRNX blastoff MNGA
GpIsRichBull,True,2019-02-19 13:39:00,0.8543,MNGA Guys just dont sell for 1 more day If you too weak then Ur ask should be 1 today U dont want to have that regret tomorrow
Eznguyen,True,2019-02-19 13:38:00,0.8539,MNGA Limit sell 20
TomDolo,,2019-02-19 13:38:00,0.8539,MNGA Wewillsee ColorlessGreenIdeas are you guys just sitting there circle jerking eachother thinking of ways to talk shit
chaspaul,,2019-02-19 13:38:00,0.8539,MNGA as long as I have this profile picture I will never forget Scott Mahorney
Fred089,True,2019-02-19 13:38:00,0.8539,MNGA
chaspaul,,2019-02-19 13:38:00,0.8539,MNGA change name and symbol no matter what you do and where you hide I will never get tired 10 years from now im still here bashing U
GpIsRichBull,True,2019-02-19 13:37:00,0.853,MNGA Now this whole price drop in last few days make sense It was for MNGA b to get in and make a killing with new start
Valentino76,True,2019-02-19 13:37:00,0.853,MNGA now if we can all hold till it hits 20 we will be in great shape IE dont sell
We__will__see,False,2019-02-19 13:37:00,0.853,MNGA dont worr we bears were also there TRNX
Bullish_Bull,True,2019-02-19 13:37:00,0.853,MNGA All report that bastard monkey
Bullish_Bull,True,2019-02-19 13:37:00,0.853,MNGA Rebranding means a new beggining New ticker and new Market makers Shorts will be history soon
Scratch_,False,2019-02-19 13:36:00,0.8527,MNGA TRNX to the moon
Bullish_Bull,True,2019-02-19 13:36:00,0.8527,MNGA Plans are being executed fast All the steps are being played wisely The surprise part is going to be juicing blood out of the bears
We__will__see,False,2019-02-19 13:36:00,0.8527,MNGA hmm TRNX still exists
olde,True,2019-02-19 13:35:00,0.8525,MNGA
aliyah_k,,2019-02-19 13:35:00,0.8525,MNGA shorts will burn like a wild fire soon
chaspaul,,2019-02-19 13:35:00,0.8525,MNGA luckily I invested on PCG at 1106 3 weeks ago not its flying to the moon lol
zyr0s,True,2019-02-19 13:35:00,0.8525,MNGA Only got nice and positive stuff since
zyr0s,True,2019-02-19 13:34:00,0.8523,MNGA Are you still really complaining about rs Get over it We all lost Its in the past Now we all wait for the next big spike
2Birds1Stone,True,2019-02-19 13:34:00,0.8523,MNGA If you lost all hope in this stock just move on Its the new beginning for us new investors We know this is good price to buy
JPatrick1,,2019-02-19 13:33:00,0.8527,MNGA Tomorrow Scott Mahoney and Caitlyn Jenner will celebrate the new stock symbol for TrannyX or Taronis TRNX
chaspaul,,2019-02-19 13:33:00,0.8527,MNGA New name but im still here dont worry BULL I will never get tired
Scratch_,False,2019-02-19 13:33:00,0.8527,ex of how shady is co is last direct offering 014 they sold around 028 100 profitScott hour later does RS MNGA
Lee_Iacocca,,2019-02-19 13:32:00,0.8526,MNGA new name same game MNGA youll always have a bag with us
GpIsRichBull,True,2019-02-19 13:32:00,0.8526,MNGA Its very logical Scott and company maxim sabby or any investor who got it wont let this get assaulted from day 1 of new start
MilesMcKee,True,2019-02-19 13:32:00,0.8526,MNGA ahhh you better take that its your broker Maybe they can give you the lawsuit link
chaspaul,,2019-02-19 13:32:00,0.8526,MNGA Another Red day MNGAPawns its not working we won today
2Birds1Stone,True,2019-02-19 13:31:00,0.85,MNGA new name new beginning Price will go up again so buy in now
Buddy628,,2019-02-19 13:31:00,0.85,MNGA She is going up ahellen
Gunadoo,,2019-02-19 13:30:00,0.8527,MNGA lawsuit link
Alina91,False,2019-02-19 13:30:00,0.8527,MNGA ticker change is validation that this company has a shady past that its trying to run from
mnsiva,False,2019-02-19 13:29:00,0.8527,MNGA So all this days you guys were misleading and telling everyone to dump money on something which lost its credibilityRight
GpIsRichBull,True,2019-02-19 13:29:00,0.8527,MNGA ScottNext Pr should be buy back shares worth of million dollars It would be worth it as market cap will easily go up by 45 million
mnsiva,,2019-02-19 13:28:00,0.8511,MNGA Can someone please genuinely answer Why do we need new ticker and name So you guys agreed this name lost credibility right
ColorlessGreenIdeas,False,2019-02-19 13:27:00,0.85,MNGA even MNGA hates MNGA
MrFatBull,False,2019-02-19 13:26:00,0.85,MNGA
Erik_guest,,2019-02-19 13:26:00,0.85,MNGA got in Bought 1 stock at 087 Now Im down 002
Dannyrod19,True,2019-02-19 13:26:00,0.85,MNGA careful every1 bears will try to squeeze u out by the end of the day Price will spike tom PM we know bottom is at 82c Set ur SL
mnsiva,False,2019-02-19 13:25:00,0.85,MNGA Basically they want to escape from bears and use new board in stocktwit for milking new bees dont worry Bears will jump in there
Barney2,True,2019-02-19 13:24:00,0.85,MNGA news they bought another company ore news coming
GpIsRichBull,True,2019-02-19 13:23:00,0.85,MNGA I have followed this stock in and out and never lost money in 5 months U should know when to get out and get in Right now GET IN
rusty_shacklefordddd,,2019-02-19 13:23:00,0.85,MNGA Bob the blob Tina the blob Call it what you like its still a turd
2Birds1Stone,True,2019-02-19 13:22:00,0.8503,MNGA bag holders got salty with this stock Either they cant avg down anymore or they already sold for big loss So funny D
naniwonomimasuka,True,2019-02-19 13:22:00,0.8503,MNGA add another 1 millionirstockprcommagnegaspre
yourbuddystoo,,2019-02-19 13:21:00,0.8506,MNGA TRNX
ColorlessGreenIdeas,False,2019-02-19 13:20:00,0.8529,MNGA that volume
Kcmule,,2019-02-19 13:20:00,0.8529,MNGA Symbol change MNGA to TRNX on February 20th
Kcmule,,2019-02-19 13:19:00,0.8528,MNGA Form 8K TARONIS TECHNOLOGIES For Feb 19archivefastedgarcom2019Filed on February 19 2019
quickdraw00,True,2019-02-19 13:18:00,0.8527,MNGA What happens when they reach bring a major distribution network With a green product
aliyah_k,,2019-02-19 13:18:00,0.8527,MNGA my block list is getting as heavy as my bags Im holding
ColorlessGreenIdeas,False,2019-02-19 13:18:00,0.8527,MNGA now needs to change name ASAP to trap new bag holders Total 180 from conference call
zyr0s,True,2019-02-19 13:18:00,0.8527,MNGA Tomorrow new ticker new price We will open at 3148 I will get 2M Nice investment Just kidding of course
GorillaGlue2020,,2019-02-19 13:17:00,0.853,MNGA so this is goin well
Eznguyen,True,2019-02-19 13:17:00,0.853,MNGA THE PLOT IS THICKENING AHAH Emergence of new ticker proving the acceleration of their strategic plan happy in 6 months more like 2
Hows42872,,2019-02-19 13:16:00,0.8529,MNGA why does a ticker change force shorts to cover hold shorts off
newbiesIRO,,2019-02-19 13:16:00,0.8529,MNGA i hope this rocket to the moon but can i request all sh to tied Scott to the end of the rocket he didnt buy any shareseat
cctranscripts,,2019-02-19 13:16:00,0.8529,OnFebruary conferencecalltranscriptso MNGA
fulltimebro,True,2019-02-19 13:15:00,0.8529,MNGA gimme 1
GpIsRichBull,True,2019-02-19 13:15:00,0.8529,MNGA Huge risk for shorts with the new name Lol Lot of hardwork for them to explain especially when no one believes the bashers
ColorlessGreenIdeas,False,2019-02-19 13:14:00,0.8528,MNGA new name Oh we are going to the moon now
2Birds1Stone,True,2019-02-19 13:14:00,0.8528,MNGA I like how bag holders got mad and jealous because we got cheap price D
MilesMcKee,True,2019-02-19 13:14:00,0.8528,MNGA hold them Shorts are being forced to cover
js26,,2019-02-19 13:14:00,0.8528,MNGA great RH wont be able to trade it most of the day because they take forever to process these things
Laguerdo,,2019-02-19 13:14:00,0.8528,MNGA changing their name and ticker might be the smartest move this company has ever made They might even trick more bag holders this way
under_scoor,,2019-02-19 13:13:00,0.852,MNGA welcome TRNX
quickdraw00,True,2019-02-19 13:13:00,0.852,MNGA Cheap shares are disappearing
LileduarP,False,2019-02-19 13:13:00,0.852,MNGA 15 here we come
javis0909,True,2019-02-19 13:12:00,0.8519,MNGA plz keep hands and feet inside the rocket and enjoy the ride
ste875233,,2019-02-19 13:11:00,0.8527,MNGA when will this skyrocket and where is da moon
Igotscammed,False,2019-02-19 13:11:00,0.8527,MNGA you pumpers are going down like all those other scams No more new investors to hold your bags
rusty_shacklefordddd,,2019-02-19 13:11:00,0.8527,MNGA So are they gonna call it Taronigas or some crap now Seems weird to keep calling the product the old brand
samlordz,True,2019-02-19 13:11:00,0.8527,MNGA yes finally going up
tweakfuzz,True,2019-02-19 13:11:00,0.8527,MNGA any RH users still not show an average price for shares purchased preRS
TradesByRyan,,2019-02-19 13:11:00,0.8527,MNGA hopefully we can get a little pop from the Ticker change
Stock_Trader__,True,2019-02-19 13:11:00,0.8527,MNGA We are getting a new ticker ladies and gents Someone make the SP go up because of this and I will love you long time
StockDiggerTurk,,2019-02-19 13:11:00,0.8527,PLX taking off SEEL MNGA ACB
Darkadvocate,,2019-02-19 13:10:00,0.8519,MNGA averaged down again today Now all i need is the stock to make it to 245 to get my initial investment back so im not feeling too bad
Stock_Trader__,True,2019-02-19 13:10:00,0.8519,MNGA On February 20 2019 Taronis Technologies Inc the Company will change its ticker symbol from MNGA to TRNX
chaspaul,,2019-02-19 13:10:00,0.8519,MNGA Never forget guys 10 years of trash
MilesMcKee,True,2019-02-19 13:09:00,0.85,MNGA bye bye shorty
MilesMcKee,,2019-02-19 13:08:00,0.8506,MNGA d3cod3 where my homie at
risenhoover,,2019-02-19 13:08:00,0.8506,MNGA MagneGas files form 8K httpsfinteliosusmnga
zyr0s,True,2019-02-19 13:08:00,0.8506,TRNX hey this is our ticker now MNGA
Swegger099,,2019-02-19 13:08:00,0.8506,MNGA Market movers dedicated to blocking this
zyr0s,True,2019-02-19 13:07:00,0.85,MNGA Finally ticker change Bad things now gone Lets do it TRNX
mnsiva,False,2019-02-19 13:06:00,0.85,MNGA Donkey is going to be renamed to horse to run fast
winthorpebuys,True,2019-02-19 13:06:00,0.85,MNGA green end of day
Chadj1575,,2019-02-19 13:06:00,0.85,MNGA
Dracornelius,,2019-02-19 13:04:00,0.8497,MNGA RH prepare to bag hold one day without trading RH needs to update their compaq presarios
StockInspector,,2019-02-19 13:04:00,0.8497,MNGA Ticker Change to TRNX Thats fuckin dope Taronis Rex
ColorlessGreenIdeas,False,2019-02-19 13:04:00,0.8497,MNGA dump soon
Dracornelius,,2019-02-19 13:04:00,0.8497,MNGA changed to TRNX to get more bag holders only we know
ColorlessGreenIdeas,False,2019-02-19 13:04:00,0.8497,MNGA lol Scott is the biggest liar Changing ticker already
NoSheepButAlpaca,True,2019-02-19 13:03:00,0.8495,MNGA TRNX soon lol
CommaE,,2019-02-19 13:03:00,0.8495,MNGA ticker symbol change Finally
ste875233,,2019-02-19 13:03:00,0.8495,MNGA new name coming soon
Dracornelius,,2019-02-19 13:03:00,0.8495,MNGA Ticker i snow TRNX Same dog different collar
Barney2,True,2019-02-19 13:02:00,0.85,MNGA lets go power hour want to see more big green bars
livetraderalerts,,2019-02-19 13:02:00,0.85,MNGA 19m ago SEC 8K Current events report Other Events secgovArchivesedgardata
Tomtentimes,,2019-02-19 13:02:00,0.85,MNGA garbs
quickdraw00,True,2019-02-19 13:00:00,0.849,MNGA Getting DM If I am a MNGA long Been here not leaving Make your call Busy making money
bradthyming,,2019-02-19 12:56:00,0.8463,MNGA needs to get 85 n hold to make good daily gamble
Barney2,True,2019-02-19 12:55:00,0.8475,MNGA I command you to fly back to 5 make the bears sweat we go over 2 I will settle for 3 short term
ChurchofStochastic,True,2019-02-19 12:53:00,0.8452,MNGA Allegedly earnings report tomorrow 02202019
ChanpagnePapi,True,2019-02-19 12:52:00,0.8467,MNGA put on your seat belts
broadreach,,2019-02-19 12:52:00,0.8467,MNGA streetinsidercomdrnewsp
olde,True,2019-02-19 12:51:00,0.8467,MNGA
Marco911,False,2019-02-19 12:50:00,0.8475,MNGA who keeps losing money Stoooopid
Double_O_Eight,False,2019-02-19 12:50:00,0.8475,MNGA whooohooo bought some crappy dying company for 2 million yawn Explain the 5 to 085 destruction
Scratch_,False,2019-02-19 12:48:00,0.8468,oh my goodness goodness gracious goodness goodness gracious goodnessMNGA
DT4WYHOME,,2019-02-19 12:47:00,0.84,MNGA Taronis buys industrial gas business for 15M httpsseekingalphacomnews3434472
Jbird69420247,False,2019-02-19 12:46:00,0.8442,MNGA even if this trash got to 250 most longs will still be way down
Jbird69420247,False,2019-02-19 12:45:00,0.84,MNGA
quickdraw00,True,2019-02-19 12:40:00,0.8477,MNGA Big pattern More institutional buys Less shares available Who do you think is buying at these low prices
GpIsRichBull,True,2019-02-19 12:36:00,0.8474,MNGA Company market value is 17 million Lol however they have 125 million cash in hand and 50 million in assets
aliyah_k,,2019-02-19 12:35:00,0.8482,MNGA Scotty boy needs to do another CC with the share holders
MNGAmoneyshredder,False,2019-02-19 12:35:00,0.8482,MNGA Great investment for you guys Give me your money and Ill give you guys half of it back Thats generous compared to this stock
Enujeat,True,2019-02-19 12:30:00,0.8432,MNGA give me 1 green you piece of shit I ve been loyal
mnsiva,,2019-02-19 12:30:00,0.8432,MNGA Looks like instead of investing people can do SPAM business like this MNGA is successfully looting years and years now
Barney2,True,2019-02-19 12:30:00,0.8432,MNGA bears are going nuts must be time for them to sweat a little ok lets aim
Swegger099,,2019-02-19 12:29:00,0.8415,MNGA ppl who have been shorting this
MNGAmoneyshredder,False,2019-02-19 12:28:00,0.8407,MNGA I wish I could fund my expenses and purchases with other peoples money like they do Open your eyes you dumb bulls
Scratch_,False,2019-02-19 12:28:00,0.8407,MNGA when is the LAWSUIT theyre still working on it
Kebz,,2019-02-19 12:27:00,0.8425,MNGA Go down you POS
ILLUMINATI_KING,False,2019-02-19 12:26:00,0.8398,MNGA if this go back down to 15 to 20 cents I might buy me several thousand charges The word ismight
Moxey,True,2019-02-19 12:25:00,0.839,MNGA why would big buyers be buying this if they were worried about a reverse split They are not worried
Dopameaningless,,2019-02-19 12:23:00,0.84,MNGA if it was not for RIOT covering more that the loss I took on you I would cry today
GpIsRichBull,True,2019-02-19 12:20:00,0.8389,MNGA 4 SC 13 G since 212 26 gone in 1 week Why would even the bears thinks we would sell more like a buy more nasdaqcomsymbolmngasec
mooniac,False,2019-02-19 12:16:00,0.8401,MNGA this turd knows one direction only
chaspaul,,2019-02-19 12:16:00,0.8401,MNGA Hey MngaPawns do you want me to stop Then tell scott to call me or message me here in this page
GorillaGlue2020,,2019-02-19 12:16:00,0.8401,MNGA
Igotscammed,False,2019-02-19 12:15:00,0.8408,MNGA WHY this POS still RED with all these great news Plain and simple FRAUD Shorts will prevail to delist this POS Looks familiar
chaspaul,,2019-02-19 12:13:00,0.8401,MNGA Never trust this company 10 years of leaching newbies money like me hahaha
rusty_shacklefordddd,,2019-02-19 12:13:00,0.8401,MNGA They tried the environmental angle years ago Im sure the March article will be better Lol gasworldcommagnegasmoves
Bullish_Bull,True,2019-02-19 12:12:00,0.8379,MNGA Tutes are making the number of retail shares lower and lower soon there is not enough shares for u to buy Dont be stupid as always
Jonathan_pamad0r0na,True,2019-02-19 12:12:00,0.8379,MNGA okay beers you guys can leave now go hunt another company let us make the money that we lost in here we lost a lot
Bullish_Bull,True,2019-02-19 12:11:00,0.8379,MNGA Bears cover before you are homeless
Bullish_Bull,True,2019-02-19 12:10:00,0.8405,MNGA Andrew did you call the new IR guy zyr0s
timeconsumer,,2019-02-19 12:10:00,0.8405,MNGA avg down or just take the l
ChartMill,,2019-02-19 12:10:00,0.8405,The technical rating of MNGA is bad and it also does not present a quality setup at the moment chartmillcomanalyzephpu
Igotscammed,False,2019-02-19 12:08:00,0.8383,MNGA this pos is still using old tactic to lure new investors and sell dreams of profit to bagholders Looks familiar from today news
chaspaul,,2019-02-19 12:07:00,0.8387,MNGA Never trust this face lol
brian13x,False,2019-02-19 12:07:00,0.8387,MNGA its a Scam stock everyone stay away LOL
Hows42872,,2019-02-19 12:06:00,0.839,CEI mgmt mustve taken the same mgmt course as the mgmt at MNGA
rusty_shacklefordddd,,2019-02-19 12:05:00,0.8378,MNGA The dailies on this are becoming so predictable 1 cent at open 4 cents shortly after up 12 centbounce around til closeAH
CMT73,,2019-02-19 12:05:00,0.8378,MNGA Ive seen all I need to see Lost big time No come back in this scam Im outta here and unwatching good luck
Igotscammed,False,2019-02-19 12:02:00,0.8391,MNGA still RED with great news from these pumpers This POS WILL DELIST There are no new investors to fool this time with their new name
GpIsRichBull,True,2019-02-19 12:00:00,0.8381,MNGA Let the bears sell Dont debate dont respond just block them They are full of shit Just talk non sense
bradthyming,,2019-02-19 11:59:00,0.8398,CEI what a bummer I cant do another MNGA Laterz
ColorlessGreenIdeas,False,2019-02-19 11:58:00,0.8398,MNGA
CMT73,False,2019-02-19 11:58:00,0.8398,MNGA And I thought it had a chance to hold up at 1 with that 400 increase in sales crap No real good news here Last gasp fading
MrHill,,2019-02-19 11:56:00,0.8398,MNGA probably not the best place to ask Can anyone tell me what Intracoastal Capital positions usually are long or short
Sunnyside98,False,2019-02-19 11:56:00,0.8398,MNGA this stock did not even stay compliant after rs went under a 1 in less than a 7 days
MNGAmoneyshredder,False,2019-02-19 11:54:00,0.8398,MNGA what would be amazing is if this went back to 2
GpIsRichBull,True,2019-02-19 11:54:00,0.8398,MNGA Based on latest sc13 and offerings approximately 76 is off market
GpIsRichBull,True,2019-02-19 11:54:00,0.8398,MNGA Lol soon there might only be 5 left for retail When that happens this will go up
zyr0s,True,2019-02-19 11:53:00,0.8398,MNGA TirthIR are you still working as IR Can you let us know the name of this new company we just acquired Thats amazing
dannymac65,,2019-02-19 11:53:00,0.8398,MNGA Dewey you dont want no part of this 5hit
zyr0s,True,2019-02-19 11:52:00,0.8398,MNGA Call Tirth 6466537035 Call 7279343448 We deserve answers Bullish we need more info on this acquisition
Sturgio,,2019-02-19 11:51:00,0.8398,MNGA just give me one green day what is so hard about that
dannymac65,,2019-02-19 11:50:00,0.8398,MNGA Looks like it found support at 84 Just think 84 cents is the new 6
GoLeafs,,2019-02-19 11:47:00,0.8384,MNGA they should have done a larger rs cant seem to hold even a buck omg
Valentino76,,2019-02-19 11:46:00,0.8397,MNGA
AnyFuturechip,,2019-02-19 11:42:00,0.8402,MNGA does anyone know if this company is in sec compliance or at risk for rs Plz and thank you
Jimbosize,,2019-02-19 11:42:00,0.8402,MNGA lots of bears on their lunch break You get a paid lunch paidposters
Oregontech,True,2019-02-19 11:42:00,0.8402,MNGA This is heading down as alwaysagain people TUES is about to runIts about to take a huge leg up
SwampRat75,,2019-02-19 11:41:00,0.8403,MNGA Does anyone know when the ER will come out
aldo_raines,,2019-02-19 11:40:00,0.8409,MNGA tutes playing both sides imo Citadel has a stake here
HiddenWealth,,2019-02-19 11:40:00,0.8409,MNGA Fuck MNGA
HiddenWealth,,2019-02-19 11:39:00,0.8396,MNGA Ahahaha my short position is going turn my loss from pre RS into a profit
Buddy628,,2019-02-19 11:36:00,0.8386,MNGA What a horror guys
FloridaKing2018,False,2019-02-19 11:30:00,0.8376,MNGA bulls fell in love with a penny stock You broke the 1rule
Rambit,True,2019-02-19 11:27:00,0.8375,SESN BLNK MNGA
BullishbyNature,False,2019-02-19 11:25:00,0.8375,MNGA next stop 70s
sadhguru,True,2019-02-19 11:23:00,0.8396,MNGA all green postings Bears have up
ChanpagnePapi,,2019-02-19 11:23:00,0.8396,MNGA Bears during the weekend from morning to night
SincerityUnit,,2019-02-19 11:23:00,0.8396,MNGA Personal opinion they release acquisitions to keep new investors thinking their doing something Rinse and repeat
mnsiva,False,2019-02-19 11:22:00,0.8458,MNGA zyros if someone invested in mnga and still continue to hold they are more than 90 down can this CO recover retain trust
Moxey,True,2019-02-19 11:22:00,0.8458,MNGA the bulls and bears on this board wont move the stock either way but the big buyers coming in will
zyr0s,True,2019-02-19 11:20:00,0.8409,MNGA Prove to all of us that they are FAKE news FAKE acquisitions Go Make the calls like I did Do something to prove it
ChanpagnePapi,True,2019-02-19 11:20:00,0.8409,MNGA Bulls are the paid pumpers yet Bears spent every second of their weekend pasting the same bearish articles
Scratch_,False,2019-02-19 11:20:00,0.8409,MNGA Damn Scottnot that I give a shitbut couldnt you at least shave put on a tiewith your cigarette stained teeth and erosion
zyr0s,True,2019-02-19 11:19:00,0.8476,MNGA My pump shift is finishing soon All I wanted to say is that bears are pretending they are FAKE good news Prove it I will exit
BullishBear37,,2019-02-19 11:19:00,0.8476,MNGA down and down it goeswhere it will stop nobody knows Wish I never heard of this pos
2Birds1Stone,True,2019-02-19 11:18:00,0.8451,MNGA CEI holding both here MNGA bought CEI D
chaspaul,,2019-02-19 11:18:00,0.8451,MNGA Dont forget this face He fake the town hall meeting and hand pick people who ask question Please dont waste your money here
Dr_Krieger,,2019-02-19 11:17:00,0.8446,MNGA are the tutes loading the boat at these bargain bin prices
GpIsRichBull,True,2019-02-19 11:16:00,0.847,MNGA As soon as u see bearish tag dont even read just block it
GpIsRichBull,True,2019-02-19 11:15:00,0.848,MNGA Lol StockTwits should give us an option to block 30000 bears in 1 shot lol too much waste of time blocking one at a time
zyr0s,True,2019-02-19 11:14:00,0.8441,MNGA I admit We are paid pumpers Scott is paying us 1 each post to compensate our losses Thank you Scott We will bring this back to 1
zyr0s,True,2019-02-19 11:13:00,0.8478,MNGA Lets say Scott is fooling us He still has interest to bring this back to 1 to avoid delisting Bad arguments This will go up
Scratch_,False,2019-02-19 11:13:00,0.8478,MNGA how many people believe the bulls here are majority paid by the companyfew bagholders remain also im surebut not many
2Birds1Stone,True,2019-02-19 11:13:00,0.8478,MNGA 5 remember this post
chaspaul,,2019-02-19 11:13:00,0.8478,MNGA This is Fraud guys inspite of wonderful news they are still below 100
Still_Counting,,2019-02-19 11:12:00,0.8495,MNGA safe to short
Tloop,True,2019-02-19 11:11:00,0.8491,MNGA
Igotscammed,False,2019-02-19 11:11:00,0.8491,MNGA pumpers cant fool new investors This POS is under 1 and ready for delisting
zyr0s,True,2019-02-19 11:11:00,0.8491,MNGA Im very patient Waiting this day so much where all bears and shorters will say sorry you were right
CreamSota,True,2019-02-19 11:10:00,0.8431,MNGA 17 EOD
Bullish_Bull,True,2019-02-19 11:10:00,0.8431,MNGA It goes down after the news bz it is not supposed to go up just yet 1 They need shorts to short more 2 They want eat cheap shares
zyr0s,True,2019-02-19 11:10:00,0.8431,MNGA Once magic Scott says GO it will GO up massively Just doesnt make sense at the moment Very great news It will explode
Stock_Trader__,True,2019-02-19 11:10:00,0.8431,MNGA All I want is to get back to 3 That is it nothing more nothing less
Scratch_,False,2019-02-19 11:10:00,0.8431,MNGA all investor trust COMPLETELY ERODEDonly a few pennyflippers remain Im not sure id touch this even if they try another PD
2Birds1Stone,True,2019-02-19 11:09:00,0.841,MNGA After the darkest storm the sun will shine again adding more sorry guys Youre missing out
RockstarKDB,,2019-02-19 11:08:00,0.8378,MNGA This will close 78 EOD
Dannyrod19,True,2019-02-19 11:08:00,0.8378,MNGA looks like we have our bottom looking More like a reversal since it hit 82cents this am
Scratch_,False,2019-02-19 11:08:00,0.8378,MNGA news and price drops againlook at the HISTORY same use finvizcom if needed
chaspaul,,2019-02-19 11:08:00,0.8378,MNGA Hope you people are smart after all the good news company still below 100 Its only a fake information Please dont be fooled
zyr0s,True,2019-02-19 11:08:00,0.8378,MNGA Do you really think Scott is planning another 12 mo after the one he just did Are you serious Massively going up once MMs decide
2Birds1Stone,True,2019-02-19 11:07:00,0.8361,MNGA 5 stock Be patient
Alina91,False,2019-02-19 11:07:00,0.8361,MNGA anyone know where that guy NIOonly is He had 60000 in MNGA Must be losing thousands every week
Jimmyscotts,,2019-02-19 11:07:00,0.8361,MNGA think well see 81 today
MrMissingOut,False,2019-02-19 11:06:00,0.8354,MNGA IF you are feeling charitable than please buy this stock
mnsiva,,2019-02-19 11:05:00,0.8353,MNGA Bulls reaction
chaspaul,,2019-02-19 11:05:00,0.8353,MNGA Its is not normal that company does RS once a year in 3 consecutive years splithistorycommnga This company is a Fraud
BAST,,2019-02-19 11:05:00,0.8353,MNGA bottomless pit
olde,True,2019-02-19 11:05:00,0.8353,MNGA Insiders buying Institutional Investors buying Revenue growth Acquisitions Customer base growing Upcoming ER huge beat
The_Bullish_Frog,,2019-02-19 11:05:00,0.8353,MNGA bulls this is the perfect time to average down You cant argue with growth
Kcmule,,2019-02-19 11:04:00,0.8351,MNGA What else explains repeated reverse split and continual decline is price investopediacomtermsdde
tinydoll,True,2019-02-19 11:04:00,0.8351,MNGA
chaspaul,,2019-02-19 11:04:00,0.8351,MNGA Guys im always here to remind you stay out in this company specialy newbies 10 year for gaining nothing they spread fake info n news
MAGP,,2019-02-19 11:02:00,0.8338,MNGA They must be shorting their own stock What else explains this Crazy
StockInspector,True,2019-02-19 11:02:00,0.8338,MNGA dare I say it SHAKIN OUT THE WEAK HANDS
2Birds1Stone,,2019-02-19 11:02:00,0.8338,MNGA reversing D no dip
rusty_shacklefordddd,,2019-02-19 11:01:00,0.8337,MNGA Just might break a record todaythe 52 week low record
Igotscammed,False,2019-02-19 11:01:00,0.8337,MNGA insiders are diluting and dumping their shares to these pumpers New investors know this and this pos will be under 1 for delisting
under_scoor,,2019-02-19 11:01:00,0.8337,MNGA 13G released
Bullish_Bull,True,2019-02-19 11:00:00,0.8337,MNGA This news is just a bait They know shorts like to short after any news Tutes put 250K the second after the news came out
BankingExpert,,2019-02-19 11:00:00,0.8337,MNGA lol
waterman1965,False,2019-02-19 11:00:00,0.8337,MNGA yes he knows its going back to 25 lol
AustinR98,True,2019-02-19 11:00:00,0.8337,MNGA we got news
We__will__see,,2019-02-19 11:00:00,0.8337,MNGA he was a guy invested much money in mnga and cut his losses he posted us that he is now invested inAVEO GREAT JOB WISH U THE BEST
2Birds1Stone,,2019-02-19 11:00:00,0.8337,MNGA They are done Were going back up 1 end of the week
zyr0s,True,2019-02-19 11:00:00,0.8337,MNGA Acquisition Adds Over 1 Million in Highly Profitable Service Revenues Adding in Sales eliminating600k yearly in expenses
Jimmyscotts,,2019-02-19 10:59:00,0.8346,MNGA waiting for the dip Then Ill be bullish
Bullish_Bull,True,2019-02-19 10:59:00,0.8346,MNGA Check out iborrow Right after the news came out 250K shares were put up to be shorted If that is not a trap dont know what it is
waterman1965,False,2019-02-19 10:59:00,0.8346,MNGA they spending more of our moneylol
Alina91,False,2019-02-19 10:59:00,0.8346,MNGA down down down
2Birds1Stone,True,2019-02-19 10:58:00,0.8301,MNGA no rs no bk What are you waiting for
2Birds1Stone,True,2019-02-19 10:58:00,0.8301,MNGA buy now if you dont make money you can blame me or thanks me later D
saggy32,True,2019-02-19 10:57:00,0.8283,MNGA block button heavy today Geaz
risenhoover,,2019-02-19 10:57:00,0.8283,Intracoastal Capital Llc has filed a new 13G reporting 53 ownership in MNGA httpsfinteliosousmnga
Kebz,True,2019-02-19 10:57:00,0.8283,MNGA BREAKING NEWS Scott has set a buy order of 3 million shares at 025 He knows something
KAMIKAZELE,True,2019-02-19 10:57:00,0.8283,MNGA
chaspaul,,2019-02-19 10:57:00,0.8283,MNGA Im Back and will never get tired of reminding you guys to stay out of this company They spread fake information and news
greg1292,False,2019-02-19 10:57:00,0.8283,MNGA Where are the pumpers at Maxim not your friend
StockInspector,True,2019-02-19 10:55:00,0.8279,MNGA Introducing the worlds largest Saucer Bottom
Igotscammed,False,2019-02-19 10:55:00,0.8279,MNGA will not get new investors money in this fraud Why is this pos under 1 and is close to new 52 week low with all these great news
AnimalMother1979,,2019-02-19 10:54:00,0.8281,MNGA 059 institutional ownership they dont even believe in their own ability to be investable
Albertjpn,False,2019-02-19 10:54:00,0.8281,MNGA i call it 83 last week and 83 today
Bullish_Bull,True,2019-02-19 10:54:00,0.8281,MNGA Tutes are buying the shorted stock back up so cheap It is around half a millionday after two weeks they will have eaten them up all
Tommy1377,,2019-02-19 10:54:00,0.8281,MNGA A month ago it would have went up 25 on this news Investors butts still hurt Lol
rcade81,True,2019-02-19 10:54:00,0.8281,MNGA This is a very divisive stock Screw it Ill bite Lets go
FloridaKing2018,False,2019-02-19 10:53:00,0.8289,MNGA this company lost investors trust no matter the news the stock will drop until it can regain trust
holadola18,False,2019-02-19 10:53:00,0.8289,MNGA thats why Im here posting crap pretending to be god to save newbies all you bulls happy now
2Birds1Stone,True,2019-02-19 10:53:00,0.8289,MNGA new name and expanding business 5 soon Wait Watch and learn
CreamSota,True,2019-02-19 10:52:00,0.8336,MNGA
Bullish_Bull,True,2019-02-19 10:52:00,0.8336,MNGA Bears you really dont see what a huge trap has been put up for you How stupid you can be This is all orchestrated Epic squeeze
StockDiggerTurk,,2019-02-19 10:52:00,0.8336,MNGA bottom close PLX up 10 today
ProfitablePiggg,,2019-02-19 10:52:00,0.8336,MNGA
johnyrocket,,2019-02-19 10:51:00,0.8306,MNGA I left here Friday when it was 91 and jumped into WKHS at 95 and Ill bet wkhs hits 125 1st good luck to anyone still in mnga
Bullish_Bull,True,2019-02-19 10:51:00,0.8306,MNGA Tutes put another 250K shares available to be shorted check iborrow website They are not doing it for fun Theyre buying them back up
Igotscammed,False,2019-02-19 10:50:00,0.8311,MNGA SEC is just watching this train wreck and thanking the shorts for delisting this pos
2Birds1Stone,True,2019-02-19 10:50:00,0.8311,MNGA Ive been following this for years This is the time to buy as much as possible
We__will__see,False,2019-02-19 10:50:00,0.8311,MNGA I mean us
We__will__see,False,2019-02-19 10:50:00,0.8311,MNGA bully explain me pls why the sp falls down
tennisboy,,2019-02-19 10:49:00,0.8308,MNGA I am sure that CEO will buy shares soon and update
HiddenWealth,,2019-02-19 10:49:00,0.8308,MNGA lol called it on the good news bs here HEY A TREND that is actually consistent with this pos
2Birds1Stone,True,2019-02-19 10:49:00,0.8308,MNGA no more RS Were going up from here Company is doing good now
johnyrocket,,2019-02-19 10:48:00,0.8303,MNGA any good news an this thing drops
GpIsRichBull,True,2019-02-19 10:47:00,0.8307,MNGA All we have is good news now How long Bears can hold This is a win win for bulls
GpIsRichBull,True,2019-02-19 10:47:00,0.8307,MNGA There is a difference between bad news selling and bears shorting the stock You are underestimating the bulls to read the pattern
2Birds1Stone,True,2019-02-19 10:47:00,0.8307,MNGA this is oversold Buy with confidence 1 end of the week
Bullish_Bull,True,2019-02-19 10:47:00,0.8307,MNGA Check out iborrow Tutes are putting shares to be shorted then they buy them Bears are so stupid You are going to a black hole
yourbuddystoo,,2019-02-19 10:46:00,0.83,MNGA our recent acquisition was scheduled to close but unfortunately due to circumstances out of our control the deal fell through
hariojha78,True,2019-02-19 10:46:00,0.83,MNGA are they doinf reverse split again lol Why is it dropping
Igotscammed,False,2019-02-19 10:46:00,0.83,MNGA pumpers are losing biglyShorts will prevent new investors from holding this pos bag This pos is a national security and will DELIST
2Birds1Stone,True,2019-02-19 10:45:00,0.8298,MNGA CEI AVEO Thank you for small profit Aveo Ill be back later 60 MNGA is reversing adding more shares 1 end of the week
GpIsRichBull,True,2019-02-19 10:45:00,0.8298,MNGA Patiently buying and holding Increasing my position to 25 today Will buy more if bears screw this further One day Big Payday
We__will__see,False,2019-02-19 10:44:00,0.8275,MNGA weaks hands arent out only strong hands are out and im also out at SKYS somthing smells
doktrading,,2019-02-19 10:44:00,0.8275,MNGA i think this is a situation where you delete your brokerage app and turn it on in 6months
quickdraw00,True,2019-02-19 10:44:00,0.8275,MNGA Order in Why All these shorts
samlordz,True,2019-02-19 10:43:00,0.8287,MNGA it will go up again Very great news just dont make sense shorters will get fried
Mike__Hawk,,2019-02-19 10:43:00,0.8287,MNGA zyr0s member since Feb 15th No one is listening to you kid
Fun_Stuff,,2019-02-19 10:42:00,0.8262,MNGA Good pr sp tanks taronis Was bullish lost 8k already Took exit at 93 Even that exit feels better at this sp
2Birds1Stone,True,2019-02-19 10:41:00,0.83,MNGA back to 1 this week Mark this D
2Birds1Stone,True,2019-02-19 10:40:00,0.8295,MNGA Lets go weak hands out
TexasGuy,,2019-02-19 10:40:00,0.8295,MNGA Tired of this stinky smear on the side of my boot Im out Sentiment is so bad for MNGA I think this company is fucked
holadola18,False,2019-02-19 10:39:00,0.8246,MNGA when remaining bulls keeping faith in this pos and I already made good money from other stocks I was like
2Birds1Stone,True,2019-02-19 10:39:00,0.8246,MNGA going back up D
zyr0s,True,2019-02-19 10:38:00,0.8247,MNGA This is one of our greatest acquisition that will finally optimize our operations and generate more profits Very very good
joewallace,False,2019-02-19 10:38:00,0.8247,MNGA but we already hit the bottom lmao
js26,,2019-02-19 10:38:00,0.8247,MNGA taronisedisongroupcom
winthorpebuys,,2019-02-19 10:38:00,0.8247,TTNP MNGA APOP squeezing perhaps
zyr0s,True,2019-02-19 10:38:00,0.8247,MNGA Buzz words alert Cut Operating Expenses HighMargin Eliminating Expenses Employees Skills
zyr0s,True,2019-02-19 10:37:00,0.8246,MNGA Buzz words Wow I dont care that the price is going down few pennies It will crazy go up once shorters are out
mnsiva,False,2019-02-19 10:36:00,0.8247,MNGA Bears are wrong please keep buying LoL
ColorlessGreenIdeas,False,2019-02-19 10:35:00,0.8244,MNGA
firefighter852,,2019-02-19 10:35:00,0.8244,MNGA says only 9m shares outstanding Can anyone confirm this
We__will__see,False,2019-02-19 10:35:00,0.8244,MNGA with every news the price falls down never seen this before i think mnga lost their trust
zlos22,,2019-02-19 10:35:00,0.8244,MNGA just like drinking a slurpy after brain freeze dumm enough to do it again
zyr0s,True,2019-02-19 10:35:00,0.8244,MNGA price is going down due to cutty shorters Very good news We may cut operating expenses of up to 600 000 per year Thats big
Kcmule,,2019-02-19 10:34:00,0.8225,MNGA Fresh 52 week low on deck is 82 currently
MKCTrader,,2019-02-19 10:34:00,0.8225,MNGA did MNGA just buy CEI
INVESTOR_FOCUS,False,2019-02-19 10:34:00,0.8225,MNGA
gvsmaster,,2019-02-19 10:34:00,0.8225,MNGA HHow low can we go Great learning experience
Stock_Trader__,,2019-02-19 10:34:00,0.8225,MNGA That east Texas acquisition is old news We knew about that before the RS
Bobbykack,,2019-02-19 10:34:00,0.8225,MNGA another acquisition was obvious
zyr0s,True,2019-02-19 10:34:00,0.8225,MNGA Wow potential to eliminate approximately 50000 in recurring monthly operating expenses
GpIsRichBull,True,2019-02-19 10:33:00,0.8247,MNGA We all ready the news 26 institution buy in 6 trading days Acquisition today Why sell
We__will__see,,2019-02-19 10:33:00,0.8247,MNGA 0826000440 506 great news
Alina91,False,2019-02-19 10:33:00,0.8247,MNGA lol People here throwing out avg price target 2050 hold a SP of 100 and avoid delisting first
BeckySkillern,,2019-02-19 10:33:00,0.8247,MNGA This stock is a great learning experience for a new investor What NOT to do Lol
Tstock11,True,2019-02-19 10:33:00,0.8247,MNGA
g_time,,2019-02-19 10:33:00,0.8247,MNGA one of the largest slick words being used Dont be fooled I would think a large Texas gas company would be worth more than 15mil
bullsstocktrader,,2019-02-19 10:33:00,0.8247,MNGA
MakingMoneyMama,False,2019-02-19 10:32:00,0.8267,MNGA 070s soon
zyr0s,True,2019-02-19 10:32:00,0.8267,MNGA Taronis Acquires East Texas Industrial Gas Services Business
GpIsRichBull,True,2019-02-19 10:31:00,0.8284,MNGA I honestly feel bad for MNGA bears now Probably loose their money house wife kids They have to start a gofkme page after this
doktrading,,2019-02-19 10:31:00,0.8284,MNGA so much news and no positive action That CNN target of 30 seems funny
zyr0s,True,2019-02-19 10:31:00,0.8284,MNGA I told you an acquisition was coming nice
GpIsRichBull,True,2019-02-19 10:30:00,0.83,MNGA end of the day it will go up Shorts selling borrowed shares some institution is buying in back We will see another SC 13 again tom
INVESTOR_FOCUS,False,2019-02-19 10:30:00,0.83,MNGA
ony2k,,2019-02-19 10:30:00,0.83,MNGA Cmon mngt quit jerking the shorts would ya Whats ya doin buying gas services See ya shorts have fun dummies
lecorb,,2019-02-19 10:29:00,0.83,Taronis buys industrial gas business for 15M httpsseekingalphacomnews3434472sourceansh MNGA
Goodtimes76,,2019-02-19 10:29:00,0.83,MNGA In case anyone cant tell Without MAJOR buyout news regional gas shops dont qualify this WILL RS cycle U WILL loose money
snevens,,2019-02-19 10:28:00,0.8324,MNGA thanks for taking my money out 17 ouch Hope this wasnt a mistake not to hold
bizzy99,True,2019-02-19 10:28:00,0.8324,MNGA Reports Acquisition of East Texas Industrial Gas Services Business streetinsidercomCorporate
moneyballin,,2019-02-19 10:27:00,0.835,MNGA too many winners out there to be messing with this turd anymoreGLTA
Barelyskill,True,2019-02-19 10:27:00,0.835,AVEO where the bears go probably went losing money on MNGA
jwhiteh1,,2019-02-19 10:26:00,0.835,MNGA trash stock that peezy85 doesnt have the discipline to sell I feel bad for him yall Get out while you can
TradingDimes,False,2019-02-19 10:24:00,0.836,MNGA when this hits beneath 65 cents it freefalls to 30 cents
doktrading,,2019-02-19 10:24:00,0.836,MNGA got to that stage where I want it to hit my stop loss so I can give up watching it
mnsiva,False,2019-02-19 10:23:00,0.836,MNGA To the moon
Igotscammed,False,2019-02-19 10:21:00,0.831,MNGA pumpers are trying to get new investors to hold this scam so they can get outIts not workingShorts are doing the SEC jobs to delist
Jbird69420247,,2019-02-19 10:21:00,0.831,YUMA the SP predictions are comical here reminds me of MNGA
olde,True,2019-02-19 10:21:00,0.831,MNGA
semperfi3533,,2019-02-19 10:21:00,0.831,MNGA dumpster fire
TCLutz,False,2019-02-19 10:19:00,0.84,MNGA shorting the outta this pos I will make my 4800 back StillBitter
BorB,True,2019-02-19 10:18:00,0.8403,MNGA Will stay GLTA
magic_8ball_trading,,2019-02-19 10:18:00,0.8403,MNGA no news on the FDA water deal gig
Alina91,False,2019-02-19 10:18:00,0.8403,MNGA they release PR on acquisition and it had zero effect on share price
The_Bullish_Frog,,2019-02-19 10:18:00,0.8403,MNGA buy buy buy 3 soon
ThunderJackson,,2019-02-19 10:17:00,0.8447,MNGA Announced an acquisition and the SP doesnt seem to care this time Perhaps because its already expected and reflected in low SP
2Birds1Stone,True,2019-02-19 10:16:00,0.8448,MNGA be patience
Scratch_,False,2019-02-19 10:15:00,0.8471,MNGA how do you not see the patternofferingsthey take most of profitsbuy some shitty place or weak newspeople think they care
We__will__see,,2019-02-19 10:15:00,0.8471,MNGA SKYS look at ii acquire the Company through merger at 215 to 225 per ADS the Proposals irskysolarholdingscompho
fulltimebro,True,2019-02-19 10:15:00,0.8471,MNGA where we at
NewGuyDFW,,2019-02-19 10:15:00,0.8471,MNGA Does the rinse wash repeat cycle ever change if its still the same cronies calling the shots
Jimbosize,,2019-02-19 10:15:00,0.8471,MNGA bears dont like good news Especially paid posters like chaspaul
Borinken91,,2019-02-19 10:14:00,0.8468,MNGA another rs will be Up For vote I vote no
Kcmule,,2019-02-19 10:14:00,0.8468,MNGA Why are the acquisitions not named one of the biggest etc Provide a name
buddhaPJS,,2019-02-19 10:14:00,0.8468,CEI im just curious how one of the largest gas infrastructure businesses is only worth 15m MNGA
Deacon_Blue,,2019-02-19 10:13:00,0.8484,MNGA long term bullish huge growing pains still ahead
chaspaul,,2019-02-19 10:13:00,0.8484,MNGA Remember what happen during TOWN HALL Please dont be fooled with the fake news and information Remember this face
Scratch_,False,2019-02-19 10:13:00,0.8484,MNGA same ol BSWHEN IS THE LAWSUIT
GpIsRichBull,True,2019-02-19 10:13:00,0.8484,MNGA 470k borrowed for shorting Lets eat all of it bulls iborrowdeskcomreportMNGAWe will see lots of bears popping up
Bullish_Bull,True,2019-02-19 10:12:00,0.8485,MNGA Okay shorts Not any profit for you it is not changing much from 085 Go away bastards
GpIsRichBull,True,2019-02-19 10:12:00,0.8485,MNGA irstockprcommagnegaspre
Branson_Rose,,2019-02-19 10:10:00,0.852,MNGA globenewswirecomnewsrele
Kebz,,2019-02-19 10:10:00,0.852,MNGA isnt that old news
winthorpebuys,True,2019-02-19 10:09:00,0.8536,MNGA will approach 2 million in revenue next month Aka 10 of market cap warned each month
NoSheepButAlpaca,,2019-02-19 10:09:00,0.8536,MNGA good news bad news no newseveryday the same colour
abc123stock,,2019-02-19 10:09:00,0.8536,MNGA when is the 4Q ER again
ProfitablePiggg,True,2019-02-19 10:07:00,0.8448,MNGA in at 849 out at 90 ish
failed_trader,,2019-02-19 10:07:00,0.8448,MNGA these acquisitions is great but how are they paying for them They keep initiating offerings which dilutes the stock Another RS
ChanpagnePapi,True,2019-02-19 10:07:00,0.8448,MNGA I dont like good news it makes it go down
chaspaul,,2019-02-19 10:05:00,0.8497,MNGA Dont be fooled with this fake news and information Never get tired of reminding you guys
aliyah_k,,2019-02-19 10:05:00,0.8497,MNGA
BottomPicker_Swings,True,2019-02-19 10:04:00,0.8493,MNGA added1 PT
Cizzle,True,2019-02-19 10:04:00,0.8493,MNGA irstockprcommagnegaspre
Red4Days,,2019-02-19 10:02:00,0.8566,MNGA Acquires company dumps
GrowingWealth,,2019-02-19 10:02:00,0.8566,MNGA Taronis Acquires East Texas Industrial Gas Services Business
Kcmule,,2019-02-19 10:02:00,0.8566,MNGA Acquires East Texas Industrial Gas Services Businessfinanceyahoocomnewstaro
TheTradeXchange,,2019-02-19 10:02:00,0.8566,MNGA Taronis Acquires East Texas Industrial Gas Services Business
Red4Days,True,2019-02-19 10:01:00,0.862,MNGA WOW WHAT IS THIS COLOR IVE NEVER SEEN IT BEFORE
ony2k,,2019-02-19 10:00:00,0.8495,MNGA Real bitter peanut lately folksHope you can handle it MeAint nothing but the peanut turned to chocolate covered cherrys some day
bennie_the_bomb,,2019-02-19 10:00:00,0.8495,MNGA so glad I sold this right before rs making some money on ACRX real growth imagine that
Kebz,,2019-02-19 09:59:00,0.8474,MNGA Look at this
Igotscammed,False,2019-02-19 09:59:00,0.8474,MNGA shorts are saving new bulls from investing in this pos This pos WILL DELIST on May 2019
sweetwits,False,2019-02-19 09:59:00,0.8474,MNGA you know what they say about a fool and money You just change it to Taronis
chaspaul,,2019-02-19 09:58:00,0.8451,MNGA Dont worry bulls I will never get tired of reminding investor how bad your company is
NoGutsNoGloryCO,True,2019-02-19 09:57:00,0.8461,MNGA HOLD THAT LINE BULLS Great buying opportunities Shorting stock betting against the success of any company is antiamerican
jcopacetic,False,2019-02-19 09:57:00,0.8461,PTX MNGA learning so much about the pain
TheAuditor,,2019-02-19 09:56:00,0.8467,MNGA where is Fraudster Scott
blazewizel1,,2019-02-19 09:55:00,0.8464,MNGA SO GLAD I SOLD THIS PIECE OF SHIT
olde,True,2019-02-19 09:54:00,0.8458,MNGA Insiders buying Institutional Investors buying Revenue growth Acquisitions Customer base growing Upcoming ER huge beat
FloridaKing2018,False,2019-02-19 09:53:00,0.8486,MNGA you guys dont feel guilty for tricking ppl into buying this stock I mean the chart doesnt lie
Igotscammed,False,2019-02-19 09:53:00,0.8486,MNGA shorts are here to bring justice to this scam and delist this pos
chaspaul,,2019-02-19 09:52:00,0.8487,MNGA Please stop spreading fake news and information This is the truth I know about MNGA 10 years of gaining nothing Please be aware
StockInspector,,2019-02-19 09:51:00,0.8508,MNGA for real tho im trying to pay off this student debt Id be much obliged Mr Mahoney
Red4Days,True,2019-02-19 09:49:00,0.8513,MNGA Needs to break 091 thats where the most recent big dip was Overcoming will be a challenge
zyr0s,True,2019-02-19 09:48:00,0.8505,MNGA Not afraid of the bears Got 63k shares to stay hold
zyr0s,True,2019-02-19 09:47:00,0.8509,MNGA No way it will stay under 1 for long
Vardan78,True,2019-02-19 09:47:00,0.8509,MNGA we saw the bottom on Friday 082 today is the confirmation
1bulltrades,,2019-02-19 09:46:00,0.8494,MNGA Learn as quick you can
Igotscammed,False,2019-02-19 09:45:00,0.8437,MNGA bulls stop losses will be triggered to cause a new 52 week low today
CryptoBullRunner,False,2019-02-19 09:45:00,0.8437,MNGA Skys and rwlk are the play of the day dont lose more money here guys not worth funding Scott anymore money to be made elsewhere
FloridaKing2018,,2019-02-19 09:45:00,0.8437,MNGA RWLK is about to move
Livingintheburbs,True,2019-02-19 09:43:00,0.8437,MNGA take what you have left over to RWLK
Red4Days,,2019-02-19 09:42:00,0.8458,MNGA LMAO at least its funny that all the institutions bought in at 125 so I can at least laugh at them as I hold this bloody bag
FloridaKing2018,False,2019-02-19 09:41:00,0.842,MNGA ouch l wonder how many regret not selling
Igotscammed,False,2019-02-19 09:41:00,0.842,MNGA not looking good bullsgetting close to new 52 week low
Analyzethisstock0324,True,2019-02-19 09:40:00,0.8429,ESNC ppl this isnt gonna stay at 07 this is the best dip on the market to buyHSGX BPMX SGYP CEI MNGA
Kebz,,2019-02-19 09:39:00,0.8464,MNGA a successful RS looks like CLDX because they got product
chaspaul,,2019-02-19 09:38:00,0.8498,MNGA Beware to the account spreading fake news they are Pumpers
Livingintheburbs,True,2019-02-19 09:37:00,0.851,MNGA check it out RWLK
We__will__see,False,2019-02-19 09:37:00,0.851,MNGA so bulls and bears well see us later and dont forget The Force is with you What a bulls day
m3_sedan,,2019-02-19 09:37:00,0.851,MNGA this dude is ugly as fuck cant even brush his teeth idk why I invested with these crooks ZYROS a crook too guys working for MNGA
Gators10,False,2019-02-19 09:36:00,0.8508,MNGA gonna be a good day to laugh at the Bulls Under 080 today
chaspaul,,2019-02-19 09:35:00,0.8516,MNGA Dont be fooled by this news guys I will never get tired of giving you a warning it will go to 52 weeks low later
We__will__see,False,2019-02-19 09:32:00,0.8483,MNGA sorry i mean 84 cents what a great bulls day
jwhiteh1,,2019-02-19 09:32:00,0.8483,MNGA seriously every day this falls further i just laugh my tail off so many other solid buys and you guys are stuck on trash
We__will__see,False,2019-02-19 09:32:00,0.8483,MNGA 084cents what a bulls day thx CEO
chaspaul,,2019-02-19 09:32:00,0.8483,MNGA Will never get tired of warning you guys There is a lot of fake news and information but this is only the truth 10 years 99
rusty_shacklefordddd,,2019-02-19 09:32:00,0.8483,MNGA Today on Week 3 Episode 1 of Buy the dip
TheAuditor,,2019-02-19 09:31:00,0.8586,MNGA and again a market rally without mnga
Longbuy,False,2019-02-19 09:31:00,0.8586,MNGA Dilution dilution dilution
Red4Days,,2019-02-19 09:31:00,0.8586,MNGA Only 25K shares left to short
crazyedd707,,2019-02-19 09:31:00,0.8586,MNGA new investor this thing will pop today haha
samlordz,,2019-02-19 09:31:00,0.8586,MNGA great
rusty_shacklefordddd,,2019-02-19 09:31:00,0.8586,MNGA Nice pump fake Lol All aboard the Hot Mess Express choo CHOOOOOOOOOOO
Jimbosize,,2019-02-19 09:30:00,0.8412,MNGA dont listen to butthurt losers and those bring paid by mnga competition This stock going up
tymo99,False,2019-02-19 09:30:00,0.8412,MNGA 70 today
